Epoch	Train loss	Validation loss
29501	0.00011532675853231922	0.00016201492690015584
29502	0.00010454026778461412	0.00016918565961532295
29503	0.00010717749682953581	0.00017145204765256494
29504	0.00011470611934782937	0.00016336081898771226
29505	9.738109656609595e-05	0.00015641436039004475
29506	0.00011660875316010788	0.00015342624101322144
29507	0.00013196001236792654	0.00016594458429608494
29508	0.00011806355905719101	0.00016696329112164676
29509	0.00017032581672538072	0.00014917519001755863
29510	0.00010859454050660133	0.0001443222281523049
29511	0.00014908323646523058	0.00015694547619204968
29512	0.00011378930503269657	0.00017341063357889652
29513	0.00013596040662378073	0.0001703771558823064
29514	9.357732051284984e-05	0.00016489341214764863
29515	0.00012001671711914241	0.0001514440809842199
29516	0.0001377943262923509	0.00015260747750289738
29517	0.00010920049680862576	0.00016515198512934148
29518	0.00010962425585603341	0.00016618389054201543
29519	0.00011476247891550884	0.00015617534518241882
29520	0.00011177398118888959	0.00015793641796335578
29521	0.00010838056186912581	0.00016275160305667669
29522	9.131928527494892e-05	0.00016629326273687184
29523	0.00010192998161073774	0.00016411110118497163
29524	0.00010241218842566013	0.0001575993373990059
29525	0.00010403422493254766	0.00015490382793359458
29526	9.147172386292368e-05	0.0001561388053232804
29527	9.634218440623954e-05	0.00016041820344980806
29528	0.00011108926264569163	0.00016409423551522195
29529	0.00010615319479256868	0.0001628630270715803
29530	9.074317495105788e-05	0.0001609179307706654
29531	9.00564991752617e-05	0.00015993695706129074
29532	0.00012857845285907388	0.00016638435772620142
29533	0.00010007990931626409	0.00016702864377293736
29534	0.00011040260142181069	0.00016042450442910194
29535	0.00011060140968766063	0.00015518031432293355
29536	9.775538637768477e-05	0.00015450762293767184
29537	9.553417476126924e-05	0.00015949450607877225
29538	9.405336459167302e-05	0.00016382730973418802
29539	0.00012637895997613668	0.00015797055675648153
29540	8.763563528191298e-05	0.0001571738685015589
29541	0.0001016657188301906	0.00016194597992580384
29542	0.00010173349437536672	0.00015967940271366388
29543	0.00010741674486780539	0.00015160147449932992
29544	0.00010770591325126588	0.00015114675625227392
29545	0.00011621705198194832	0.00015667655679862946
29546	0.00010843004565685987	0.00016611248429398984
29547	0.00011111029743915424	0.00016710102499928325
29548	0.00011408159480197355	0.00015684559184592217
29549	9.629032865632325e-05	0.0001514485920779407
29550	0.0001299400901189074	0.00016042820061556995
29551	0.00011680906754918396	0.00016029384278226644
29552	0.00011110235936939716	0.0001543760154163465
29553	0.00013851186668034643	0.0001642521092435345
29554	0.00010143841791432351	0.00017268804367631674
29555	0.00014396528422366828	0.00016427379159722477
29556	0.00010000206384574994	0.00015674190944992006
29557	0.0001591646287124604	0.00016538312775082886
29558	0.00010529432620387524	0.00017127192404586822
29559	0.00017743062926456332	0.00015397190873045474
29560	0.00010750382352853194	0.00014733140415046364
29561	0.00015261363296303898	0.00016302269068546593
29562	0.00013011854025535285	0.00016817613504827023
29563	9.816556121222675e-05	0.00016673863865435123
29564	0.00012445724860299379	0.00015038606943562627
29565	9.720922389533371e-05	0.0001430841366527602
29566	0.00012019817222608253	0.0001450389827368781
29567	0.00010458563338033855	0.0001515674957772717
29568	0.00010910936543950811	0.00016316089022438973
29569	9.47448133956641e-05	0.00017583929002285004
29570	0.0001075847030733712	0.00017837488849181682
29571	0.0001226189051521942	0.00016859869356267154
29572	0.00010929846757790074	0.0001532337919343263
29573	0.00011028974404325709	0.00014920045214239508
29574	0.00013200604007579386	0.00015772126789670438
29575	0.00010120219667442143	0.00016685303125996143
29576	0.00012002290895907208	0.00015999905008357018
29577	9.90930202533491e-05	0.0001515717594884336
29578	0.00010258692782372236	0.000148299805005081
29579	9.530061652185395e-05	0.00014865837874822319
29580	9.283435065299273e-05	0.00015185639495030046
29581	9.409312042407691e-05	0.00015994194836821407
29582	0.00010254545486532152	0.00016714935190975666
29583	8.428683213423938e-05	0.00017121224664151669
29584	0.00010093785385834053	0.00016644764400552958
29585	0.0001068624114850536	0.00015799651737324893
29586	9.474774560658261e-05	0.00014996205572970212
29587	0.00010249793558614329	0.00015070856898091733
29588	9.839680569712073e-05	0.0001572433830006048
29589	0.00010248507896903902	0.00016936760221142322
29590	0.0001053360101650469	0.00017246924107894301
29591	9.951159154297784e-05	0.00016786946798674762
29592	0.00011148302291985601	0.00015410430205520242
29593	0.00011059246025979519	0.00014898851804900914
29594	0.00012434518430382013	0.00015388100291602314
29595	9.607811807654798e-05	0.00016328305355273187
29596	9.53513736021705e-05	0.00017066214059013873
29597	0.000104031219962053	0.00017081573605537415
29598	0.00010986108100041747	0.00016243878053501248
29599	0.00010942167864413932	0.00015183057985268533
29600	0.00010130538430530578	0.00015029219503048807
29601	0.0001000510819721967	0.00015432325017172843
29602	0.00011111885396530852	0.00016194212366826832
29603	0.00010813001426868141	0.00016813960974104702
29604	9.33145493036136e-05	0.00017057493096217513
29605	0.00011214290861971676	0.00016074177983682603
29606	0.00010365773778175935	0.00014949233445804566
29607	0.000103456673969049	0.00014738558093085885
29608	0.0001009265033644624	0.0001521366648375988
29609	0.00010355693666497245	0.000161842443048954
29610	9.53638373175636e-05	0.0001723735040286556
29611	0.00012342831178102642	0.00017211289377883077
29612	0.00010301660222467035	0.00016446005611214787
29613	0.00011609062494244426	0.00014924470451660454
29614	0.00011128497135359794	0.00014719537284690887
29615	0.0001497831108281389	0.0001656980748521164
29616	8.889035962056369e-05	0.0001831292756833136
29617	0.00014646857744082808	0.00017475582717452198
29618	9.90191547316499e-05	0.00016374951519537717
29619	0.00012733520998153836	0.0001411862758686766
29620	0.0001544220867799595	0.0001399395550834015
29621	0.0001311537198489532	0.00014695394202135503
29622	0.00011530268238857388	0.00016829407832119614
29623	0.0001370433601550758	0.000179016322363168
29624	0.00015247560804709792	0.00016896806482691318
29625	0.0001102256792364642	0.00015216635074466467
29626	0.00012104854249628261	0.00014959363033995032
29627	0.00012728349247481674	0.00015633329167030752
29628	0.0001280426949961111	0.00017076573567464948
29629	0.00011714850552380085	0.00017241822206415236
29630	0.00012214877642691135	0.00016072984726633877
29631	0.00012563238851726055	0.00014547881437465549
29632	0.00011197961430298164	0.00014509652100969106
29633	0.00013355171540752053	0.00015834561781957746
29634	0.0001159681924036704	0.00017169299826491624
29635	0.00011783705849666148	0.00017580768326297402
29636	0.00012614527076948434	0.00017012562602758408
29637	0.0001234491792274639	0.0001598899398231879
29638	9.376942034577951e-05	0.0001517181226518005
29639	0.00011403993994463235	0.00015011605864856392
29640	0.0001271909277420491	0.00015892284864094108
29641	0.00012770327157340944	0.00016665334987919778
29642	0.00013499415945261717	0.00015358100063167512
29643	0.0001481254876125604	0.0001622736017452553
29644	0.00011827959679067135	0.00016593176405876875
29645	0.00015185920346993953	0.0001504385145381093
29646	0.00010337805724702775	0.0001466456160414964
29647	0.00014252180699259043	0.00015646046085748821
29648	0.00015129214443732053	0.00018853128131013364
29649	0.00014143074804451317	0.00020911618776153773
29650	0.0002332271251361817	0.00018386702868156135
29651	0.00013114127796143293	0.00016125317779369652
29652	0.0002338047925150022	0.0001598494709469378
29653	0.00015731497842352837	0.0001753503456711769
29654	0.00015645919484086335	0.00018432457000017166
29655	0.00016084114031400532	0.00018018399714492261
29656	0.00017195451073348522	0.00016024033538997173
29657	0.00015075475675985217	0.0001546695566503331
29658	0.00016758916899561882	0.0001635934750083834
29659	0.0001506933622295037	0.000172010826645419
29660	0.00015698483912274241	0.00017616056720726192
29661	0.00013349071377888322	0.00017655194096732885
29662	0.0001235179661307484	0.0001715665275696665
29663	0.0001438131439499557	0.0001638765970710665
29664	0.00013091412256471813	0.00015672124573029578
29665	0.00015083811013028026	0.0001553285401314497
29666	0.00011880711099365726	0.0001576771610416472
29667	0.00010085380199598148	0.0001618308888282627
29668	0.00010496634058654308	0.000167799080372788
29669	0.0001184332650154829	0.00017208108329214156
29670	0.00015226574032567441	0.0001666494063101709
29671	0.00011464723502285779	0.00015965224883984774
29672	0.00010835602006409317	0.0001571563188917935
29673	0.00011432569590397179	0.0001652130449656397
29674	0.00010504102101549506	0.0001692423247732222
29675	0.00014262109471019357	0.00016338178829755634
29676	0.00011878435907419771	0.00015452913066837937
29677	0.00010654935613274574	0.0001552625762997195
29678	0.00014235515845939517	0.00015917087148409337
29679	9.957727161236107e-05	0.00016002044139895588
29680	0.00016349161160178483	0.0001455221645301208
29681	0.00013062178913969547	0.00014379627828020602
29682	0.00016045935626607388	0.00015585962682962418
29683	0.00011243398330407217	0.00018062791787087917
29684	0.00017449777806177735	0.00017489900346845388
29685	0.00012567077646963298	0.0001537515054224059
29686	0.00012205267557874322	0.0001460646599298343
29687	0.0001360397000098601	0.00014808248670306057
29688	0.00013552873861044645	0.0001618691167095676
29689	0.00010962877422571182	0.0001688758929958567
29690	0.00011797556362580508	0.0001617247617105022
29691	0.00011463204282335937	0.0001459224586142227
29692	0.00011076084047090262	0.0001405587390763685
29693	0.00012916229024995118	0.0001435515732737258
29694	0.00011278354213573039	0.00015489543147850782
29695	0.00015840753621887416	0.00018780231766868383
29696	0.00013398313603829592	0.00021039284183643758
29697	0.00018172134878113866	0.0001995930797420442
29698	0.000122993893455714	0.00018190960690844804
29699	0.00014977523824200034	0.0001582015393069014
29700	0.00017963824211619794	0.0001411229168297723
29701	0.0002143078891094774	0.00014320034824777395
29702	0.0001283556193811819	0.00015339194214902818
29703	0.00012576712470036	0.00016928609693422914
29704	0.0002094373048748821	0.00016408234660048038
29705	0.00015873405209276825	0.00015085630002431571
29706	0.0001403418864356354	0.0001496741024311632
29707	0.00013279891572892666	0.00015502129099331796
29708	0.00016239496471825987	0.00016269057232420892
29709	0.00011270712275290862	0.00017184992611873895
29710	0.00010768591891974211	0.00017693082918412983
29711	0.00012688607966993004	0.0001718861749395728
29712	0.00016767202760092914	0.00015465794422198087
29713	0.00010353144898544997	0.00014681596076115966
29714	9.977431182051077e-05	0.00014976291276980191
29715	0.0001277523988392204	0.00015801210247445852
29716	0.0001294449029956013	0.0001683310983935371
29717	0.00011003370309481397	0.00017683049372863024
29718	0.00012725929263979197	0.0001781543978722766
29719	0.00010573236795607954	0.00017240866145584732
29720	9.561424667481333e-05	0.00016626904834993184
29721	0.00012082247121725231	0.0001601948606548831
29722	0.00012148972746217623	0.00015333607734646648
29723	0.00012053933460265398	0.00015241028449963778
29724	0.00011905480641871691	0.00016425079957116395
29725	9.632213914301246e-05	0.00017043609113898128
29726	0.0001936257613124326	0.00015108422667253762
29727	0.00011589338828343898	0.0001409958495059982
29728	0.00015055354742798954	0.0001415195583831519
29729	0.0001349927333649248	0.0001539918885100633
29730	0.0001704264577711001	0.000194299325812608
29731	0.00015597607125528157	0.00021183560602366924
29732	0.00015916254778858274	0.000199301794054918
29733	0.00014803990779910237	0.00016999414947349578
29734	0.00017154797387775034	0.00014371417637448758
29735	0.00021216162713244557	0.0001392550766468048
29736	0.0001997646177187562	0.00015101909229997545
29737	0.00012442491424735636	0.0001714765967335552
29738	0.0001819892058847472	0.00018020016432274133
29739	0.00026247979258187115	0.0001632416242500767
29740	0.0001495055912528187	0.00014715381257701665
29741	0.0001618465903447941	0.00015087869542185217
29742	0.00015172126586548984	0.00016590738960076123
29743	0.00015012673975434154	0.00016605522250756621
29744	0.0001134182239184156	0.0001663689617998898
29745	0.00013542317901737988	0.00015649654960725456
29746	0.00012454393436200917	0.00015681382501497865
29747	0.00013487420801538974	0.00016230519395321608
29748	0.00015973468543961644	0.0001668197219260037
29749	0.00020756539015565068	0.00015636030002497137
29750	0.0003166917886119336	0.00019485883240122348
29751	0.00015548885858152062	0.00020751278498210013
29752	0.0004091147566214204	0.00016329571371898055
29753	0.00026544785941950977	0.0001382937771268189
29754	0.0003603360091801733	0.00015436425746884197
29755	0.0003937794826924801	0.00019323549349792302
29756	0.00037707274896092713	0.00019086411339230835
29757	0.00015802662528585643	0.00019528824486769736
29758	0.0002521679562050849	0.00016757204139139503
29759	0.00019762117881327868	0.00015105397324077785
29760	0.000391616253182292	0.00016468971443828195
29761	0.00017897653742693365	0.00018467001791577786
29762	0.00029694230761379004	0.00016729021444916725
29763	0.00013755170220974833	0.00015114975394681096
29764	0.00026362965581938624	0.00015404880105052143
29765	0.0001771568931872025	0.00018790025205817074
29766	0.0001504535466665402	0.00020411959849298
29767	0.00022869817621540278	0.00018182180065196007
29768	0.00022531293507199734	0.00014983351866248995
29769	0.0002845370618160814	0.00016228809545282274
29770	0.0003070475358981639	0.00018057136912830174
29771	0.00015521528257522732	0.00019215629436075687
29772	0.0003292828914709389	0.00016364276234526187
29773	0.00011259776510996744	0.00015854595403652638
29774	0.0003129111719317734	0.00015309368609450758
29775	0.00020787797984667122	0.00015675289614591748
29776	0.0002250554389320314	0.00019436066213529557
29777	0.00017015256162267178	0.00023082998814061284
29778	0.0003082012990489602	0.00022197363432496786
29779	0.000263658759649843	0.0001941086520673707
29780	0.0002348510461160913	0.00015503689064644277
29781	0.0002190468949265778	0.0001346813514828682
29782	0.0004494205059017986	0.0001474778400734067
29783	0.00016772137314546853	0.00017889097216539085
29784	0.00034374563256278634	0.00017710396787151694
29785	0.0002700805489439517	0.00015781709225848317
29786	0.00017235577979590744	0.0001503935200162232
29787	0.00013296054385136813	0.0001582222612341866
29788	0.00014464424748439342	0.00016759338905103505
29789	0.00013605885033030063	0.00017766501696314663
29790	0.0001346662756986916	0.0001867766841314733
29791	0.0001305779005633667	0.0001851789274951443
29792	0.00011891446774825454	0.00017702605691738427
29793	0.00010730024223448709	0.0001677681866567582
29794	0.00010135026241187006	0.00015812295896466821
29795	0.00010893098806263879	0.00015277213242370635
29796	0.00010692614887375385	0.0001509898283984512
29797	0.00011021012323908508	0.0001513431780040264
29798	0.00010536790068726987	0.00015377068484667689
29799	0.00011323437502142042	0.00015971412358339876
29800	9.169746044790372e-05	0.00016712311480659992
29801	0.00010397052392363548	0.00016908440738916397
29802	0.00011422574607422575	0.00016623725241515785
29803	0.00010005251533584669	0.00016110630531329662
29804	0.00012385289301164448	0.00015860349230933934
29805	9.758461965247989e-05	0.00016210830654017627
29806	8.998212433652952e-05	0.00016601562674622983
29807	0.00011187932250322774	0.00016533838061150163
29808	0.00010188791202381253	0.00016126091941259801
29809	0.00010650245530996472	0.00015543942572548985
29810	9.978177695302293e-05	0.00015436428657267243
29811	0.00011282390187261626	0.00015610868285875767
29812	0.00010966085392283276	0.0001595077628735453
29813	0.0001349808881059289	0.00015944302140269428
29814	0.00010955608740914613	0.00016497999604325742
29815	0.00012104232155252248	0.00016936722386162728
29816	0.00011924812133656815	0.0001685517781879753
29817	0.00010579793161014095	0.00016313098603859544
29818	9.256089106202126e-05	0.0001577610819367692
29819	0.00011163171438965946	0.00015814723155926913
29820	0.00011777217878261581	0.00015990962856449187
29821	0.00013882796338293701	0.0001605974684935063
29822	0.0001183075801236555	0.0001605270226718858
29823	0.00011258101585553959	0.0001612005871720612
29824	0.00017002879758365452	0.00016040689661167562
29825	0.0001242624275619164	0.00015998593880794942
29826	0.00011500124674057588	0.00016096299805212766
29827	9.602519276086241e-05	0.00016327056800946593
29828	0.00010852227569557726	0.00016324630996678025
29829	0.00014290577382780612	0.00015953682304825634
29830	0.00011147083569085225	0.00015753267507534474
29831	9.312060137744993e-05	0.00016405925271101296
29832	0.00011413799074944109	0.000171119871083647
29833	0.0001284049649257213	0.00017278824816457927
29834	0.00014163015293888748	0.0001692919322522357
29835	0.00012016408436466008	0.00016429983952548355
29836	0.00011078509851358831	0.00016220119141507894
29837	0.00010032459249487147	0.00015977244765963405
29838	0.00010935262980638072	0.00016092558507807553
29839	0.00012393074575811625	0.000163174161571078
29840	0.00012995146971661597	0.00016183286788873374
29841	0.00011850311420857906	0.00015912632807157934
29842	0.00011427039135014638	0.00015745614655315876
29843	0.00010160402598557994	0.0001590409519849345
29844	0.00013054595910944045	0.00016440707258880138
29845	0.0001238780387211591	0.00016647121810819954
29846	0.00013447049423120916	0.00016015130677260458
29847	0.00012724428961519152	0.00016178417718037963
29848	0.00010255972301820293	0.00016505546227563173
29849	0.00010762706369860098	0.0001617825764697045
29850	0.00014300926704891026	0.0001577344082761556
29851	0.0002192886167904362	0.000173411492141895
29852	0.0001023619479383342	0.00018543473561294377
29853	0.00016385698108933866	0.000169037128216587
29854	0.00011047245061490685	0.00015328500012401491
29855	0.00013833781122229993	0.00014203177124727517
29856	0.00010492718138266355	0.0001418864558218047
29857	0.00018953105609398335	0.0001555529161123559
29858	0.0001306464255321771	0.00016959596541710198
29859	0.00026140664704144	0.00015001169231254607
29860	0.00012571063416544348	0.0001471487630624324
29861	0.00017666633357293904	0.00015961653843987733
29862	0.00013423991913441569	0.000176563611603342
29863	0.00017115041555371135	0.00017029701848514378
29864	0.00011690997780533507	0.00015854238881729543
29865	0.00015490675286855549	0.0001563178957439959
29866	0.00015943165635690093	0.00017178607231471688
29867	0.00011699758033500984	0.00017711668624542654
29868	0.00012745386629831046	0.00016865004727151245
29869	0.00011721984628820792	0.00014965762966312468
29870	0.00011976480891462415	0.00014048349112272263
29871	0.00013076049799565226	0.00014339630433823913
29872	0.00011596481635933742	0.00015353444905485958
29873	0.00012135266297264025	0.00016367722128052264
29874	0.00010731269139796495	0.00016661197878420353
29875	0.00012171066919108853	0.0001556234055897221
29876	0.00010795740672620013	0.0001524431718280539
29877	0.00011469162564026192	0.0001594135828781873
29878	9.821424464462325e-05	0.00016861561744008213
29879	0.00010017578460974619	0.0001732280943542719
29880	0.00010136248602066189	0.00016918720211833715
29881	0.00010484246740816161	0.00015885989705566317
29882	0.00010402318002888933	0.00015647818509023637
29883	0.00010101751831825823	0.00016280535783153027
29884	9.619621414458379e-05	0.00016722189320717007
29885	0.00010306863987352699	0.0001613489439478144
29886	0.00010707395995268598	0.00015056182746775448
29887	0.00012866321776527911	0.0001562411052873358
29888	9.211186988977715e-05	0.0001654031511861831
29889	0.00012192158465040848	0.00015872898802626878
29890	8.068332681432366e-05	0.00015306298155337572
29891	0.00011029376037186012	0.000158189024659805
29892	9.835909440880641e-05	0.00016476369637530297
29893	9.925583435688168e-05	0.00016354717081412673
29894	0.00010045099043054506	0.00015803016140125692
29895	9.838425467023626e-05	0.00015759516099933535
29896	0.00011514136713230982	0.00016409314412157983
29897	9.2658432549797e-05	0.0001674769737292081
29898	9.822181891649961e-05	0.00016356595733668655
29899	0.00010436653246870264	0.00015597943274769932
29900	0.000100156910775695	0.00015613881987519562
29901	9.319875971414149e-05	0.00016124109970405698
29902	0.00010376690624980256	0.00016252021305263042
29903	0.00010788867075461894	0.00015513328253291547
29904	9.775471698958427e-05	0.00015354830247815698
29905	0.00010926568938884884	0.00015814717335160822
29906	0.00010220716649200767	0.00016452281852252781
29907	9.220057108905166e-05	0.0001646508026169613
29908	8.802376396488398e-05	0.00015875487588346004
29909	9.105136268772185e-05	0.00015644438099116087
29910	0.00010211172048002481	0.00016013375716283917
29911	8.81455052876845e-05	0.00016129962750710547
29912	9.904288162942976e-05	0.00016051033162511885
29913	9.119142487179488e-05	0.0001580812386237085
29914	8.393550524488091e-05	0.00015661626821383834
29915	9.108538506552577e-05	0.00016001149197109044
29916	9.536318975733593e-05	0.00015906717453617603
29917	0.00010283221490681171	0.00015613697178196162
29918	0.00010319158900529146	0.0001602818665560335
29919	9.420322021469474e-05	0.00016361474990844727
29920	0.00010144701082026586	0.00016071069694589823
29921	9.357477392768487e-05	0.00015570042887702584
29922	0.00011021528916899115	0.00016198493540287018
29923	9.55516443355009e-05	0.00016482277715113014
29924	9.846637112786993e-05	0.0001594049099367112
29925	8.598508429713547e-05	0.0001549975568195805
29926	0.00010708585614338517	0.0001627742312848568
29927	0.00010551888408372179	0.00016558814968448132
29928	0.00010622836271068081	0.0001556777860969305
29929	0.00011101869313279167	0.00015658761549275368
29930	0.00010412210394861177	0.00016743040760047734
29931	0.00010779700824059546	0.0001642782153794542
29932	0.00010893031139858067	0.00015389476902782917
29933	0.0001334968110313639	0.00015842876746319234
29934	9.659393253969029e-05	0.00017092100461013615
29935	0.00013852449774276465	0.00016122526722028852
29936	8.543871808797121e-05	0.000153186556417495
29937	0.00013464629591908306	0.00016169472655747086
29938	9.923323523253202e-05	0.0001635501248529181
29939	0.0001254860544577241	0.00015298397920560092
29940	0.00011737334716599435	0.00015660800272598863
29941	8.945565787144005e-05	0.00016470439732074738
29942	0.00011860756785608828	0.0001575318310642615
29943	9.572074486641213e-05	0.00015558776794932783
29944	0.00012454201350919902	0.00016590241284575313
29945	9.629965643398464e-05	0.00016923376824706793
29946	0.00010178203228861094	0.00016164756380021572
29947	9.995620348490775e-05	0.00015351704496424645
29948	0.00013398576993495226	0.00016330201469827443
29949	9.634824527893215e-05	0.00017230249068234116
29950	0.00016079125634860247	0.00015531503595411777
29951	0.00012344049173407257	0.00014863841352052987
29952	0.00011830563744297251	0.00015546190843451768
29953	9.858539124252275e-05	0.0001661600254010409
29954	0.00010287816257914528	0.00016675451479386538
29955	0.00011746872041840106	0.0001580058305989951
29956	0.00011614490358624607	0.0001563651894684881
29957	0.00011716034350683913	0.00016755062097217888
29958	0.00011384295066818595	0.00016673609206918627
29959	0.00013856153236702085	0.00015076255658641458
29960	9.536278230370954e-05	0.00014751138223800808
29961	0.00017634955293033272	0.00016513519221916795
29962	0.00011171671940246597	0.0001807294029276818
29963	0.00021048658527433872	0.00016320131544489413
29964	9.013638918986544e-05	0.0001489617134211585
29965	0.00020929623860865831	0.00015762583643663675
29966	0.00010901583300437778	0.00016698158287908882
29967	0.0001416862796759233	0.00015881650324445218
29968	0.00012143583444412798	0.0001538239448564127
29969	9.8688222351484e-05	0.00015528213407378644
29970	9.391191997565329e-05	0.00016030426195356995
29971	0.0001161089021479711	0.0001673701626714319
29972	0.00012824597069993615	0.00015846615133341402
29973	0.0001034181477734819	0.00015325953427236527
29974	0.00015099653683137149	0.00016420069732703269
29975	8.64132380229421e-05	0.00017289514653384686
29976	0.00012991738913115114	0.000161895586643368
29977	9.495759150013328e-05	0.00015356294170487672
29978	0.0001125775306718424	0.000149151572259143
29979	9.617411706130952e-05	0.00015128683298826218
29980	0.00011148944759042934	0.0001650182530283928
29981	0.00011080439435318112	0.00016738635895308107
29982	0.00011310776608297601	0.0001599322713445872
29983	9.58808304858394e-05	0.000153218352352269
29984	0.00010139520600205287	0.00015232728037517518
29985	0.00010478833428351209	0.00015707971761003137
29986	0.00010315579129382968	0.00016754199168644845
29987	0.0001006008023978211	0.00017417079652659595
29988	0.00010258460679324344	0.00016693618090357631
29989	9.590193803887814e-05	0.00015509873628616333
29990	9.39040255616419e-05	0.00015064325998537242
29991	0.00010365864727646112	0.0001516161864856258
29992	9.953247354133055e-05	0.00015712303866166621
29993	8.936587983043864e-05	0.0001641130802454427
29994	8.988784975372255e-05	0.00016259487892966717
29995	9.579081233823672e-05	0.0001584551064297557
29996	9.240901272278279e-05	0.00015556320431642234
29997	9.970489190891385e-05	0.00015428810729645193
29998	0.00010435283184051514	0.0001604980498086661
29999	0.00010259314876748249	0.00016484364459756762
30000	9.552329720463604e-05	0.0001609291066415608
