Epoch	Train loss	Validation loss
29501	0.0014030658639967442	0.00017904194828588516
29502	0.0013398241717368364	0.00016621719987597317
29503	0.0013449431862682104	0.00016199379751924425
29504	0.0013425741344690323	0.00017569195188116282
29505	0.0013512882869690657	0.00018195694428868592
29506	0.0013682778226211667	0.00016798199794720858
29507	0.0013307069893926382	0.00016397859144490212
29508	0.0013806108618155122	0.0001754107652232051
29509	0.0013919188641011715	0.00018324937263969332
29510	0.0013530445285141468	0.00017564237350597978
29511	0.0013467564713209867	0.0001618011883692816
29512	0.0013422589981928468	0.0001619107642909512
29513	0.001386143732815981	0.00017843554087448865
29514	0.0013692703796550632	0.00018271792214363813
29515	0.0013411332620307803	0.00017093235510401428
29516	0.001387118361890316	0.00016532833978999406
29517	0.0013636808143928647	0.00016527051047887653
29518	0.001364050549454987	0.00016892614075914025
29519	0.0014505902072414756	0.00017222485621459782
29520	0.0013684071600437164	0.00017136285896413028
29521	0.001383992494083941	0.0001700229331618175
29522	0.0013794238911941648	0.00017129570187535137
29523	0.001341930590569973	0.00017494286294095218
29524	0.0013564949622377753	0.00017675664275884628
29525	0.0013433158164843917	0.00017544733418617398
29526	0.0013608707813546062	0.00017692375695332885
29527	0.0013587897410616279	0.0001744338806020096
29528	0.0013372127432376146	0.00016720521671231836
29529	0.0013626820873469114	0.00016435042198281735
29530	0.0013497881591320038	0.00017047712753992528
29531	0.0013387316139414907	0.0001809019158827141
29532	0.0013509694254025817	0.0001776305871317163
29533	0.0013437350280582905	0.00016797269927337766
29534	0.0013719775015488267	0.00016711499483790249
29535	0.0013599515659734607	0.00016969681018963456
29536	0.0013878693571314216	0.00016979340580292046
29537	0.0014097333187237382	0.00016972377488855273
29538	0.001360968453809619	0.0001713526144158095
29539	0.0014076089719310403	0.0001741035666782409
29540	0.0014575180830433965	0.00017269415548071265
29541	0.0013746944023296237	0.0001794386189430952
29542	0.0015170612605288625	0.00017485411080997437
29543	0.0013810467207804322	0.00016697045066393912
29544	0.0013819669838994741	0.00016654412320349365
29545	0.001521395635791123	0.00017049192683771253
29546	0.0013406978687271476	0.00017243083857465535
29547	0.0014373788144439459	0.00017396520706824958
29548	0.0013982377713546157	0.00017536268569529057
29549	0.001372014288790524	0.00018006817845162004
29550	0.0014031054452061653	0.0001805872452678159
29551	0.001349887577816844	0.00016970942670013756
29552	0.0014020235976204276	0.00016194589261431247
29553	0.001357231056317687	0.00016519069322384894
29554	0.0013723208103328943	0.00018354906933382154
29555	0.001390976831316948	0.00019876359147019684
29556	0.0013630081666633487	0.0001851107517722994
29557	0.001439288374967873	0.0001686872710706666
29558	0.0013624487910419703	0.00016923848306760192
29559	0.001372522208839655	0.0001828497479436919
29560	0.001431980635970831	0.000181797964614816
29561	0.00133773242123425	0.0001756012934492901
29562	0.0013888361863791943	0.00017789799312595278
29563	0.0014304493088275194	0.00018797002849169075
29564	0.0013497862964868546	0.00018985943461302668
29565	0.0014095769729465246	0.0001781948667485267
29566	0.0013837055303156376	0.000170949351741001
29567	0.0013623812701553106	0.0001747092610457912
29568	0.0014053455088287592	0.00019161831005476415
29569	0.0013575885677710176	0.00019757651898544282
29570	0.0014430605806410313	0.0001821276528062299
29571	0.0014028622535988688	0.0001714669488137588
29572	0.001384916715323925	0.00017820578068494797
29573	0.0014453015755861998	0.00019068682740908116
29574	0.001362526323646307	0.00018297816859558225
29575	0.0014142269501462579	0.0001688338816165924
29576	0.0014252676628530025	0.00016970268916338682
29577	0.0013752530794590712	0.00018377616652287543
29578	0.0014926601434126496	0.0001891359715955332
29579	0.0013730069622397423	0.00018610752886161208
29580	0.0014270177343860269	0.00017620602739043534
29581	0.0013380517484620214	0.00017319021571893245
29582	0.0014049573801457882	0.0001777745201252401
29583	0.0014167168410494924	0.0001771921233739704
29584	0.0013649614993482828	0.00017210883379448205
29585	0.0014745078515261412	0.00016802974278107285
29586	0.0013535810867324471	0.00017660509911365807
29587	0.0013833612902089953	0.00018369194003753364
29588	0.0013912183931097388	0.00017926674627233297
29589	0.001345167518593371	0.00017571747594047338
29590	0.001360934809781611	0.00017277053848374635
29591	0.0013398266164585948	0.0001726988994050771
29592	0.0013561187079176307	0.0001704273308860138
29593	0.0013765731127932668	0.00016630819300189614
29594	0.0013354996917769313	0.00017264533380512148
29595	0.0013402223121374846	0.00018754068878479302
29596	0.001351530896499753	0.0001871604472398758
29597	0.0013392985565587878	0.00017104925063904375
29598	0.00134567404165864	0.00016082878573797643
29599	0.001352770021185279	0.0001643780997255817
29600	0.001341367606073618	0.0001804265339160338
29601	0.001351568615064025	0.00018398910469841212
29602	0.0013432970736175776	0.0001695761748123914
29603	0.001334439148195088	0.00016315633547492325
29604	0.001351000857539475	0.00016970658907666802
29605	0.001349639380350709	0.0001811857509892434
29606	0.0013538319617509842	0.00017367723921779543
29607	0.0013448502868413925	0.00016040429181884974
29608	0.0013385119382292032	0.00016023610078264028
29609	0.0013405976351350546	0.00017591305368114263
29610	0.0013448172248899937	0.00018478419224265963
29611	0.001341765164397657	0.00017708580708131194
29612	0.0013499970082193613	0.0001664391893427819
29613	0.0013326912885531783	0.00016555702313780785
29614	0.0013694297522306442	0.00017408579878974706
29615	0.0013610481983050704	0.00017468824808020145
29616	0.00134661712218076	0.00017285939247813076
29617	0.0013909254921600223	0.0001753219694364816
29618	0.0013337177224457264	0.0001772193209035322
29619	0.0013515561586245894	0.00017507380107417703
29620	0.0013553024036809802	0.0001735283003654331
29621	0.00133871054276824	0.0001693852973403409
29622	0.0013629919849336147	0.00016620103269815445
29623	0.0013600606471300125	0.00016897168825380504
29624	0.0013314656680449843	0.00017164606833830476
29625	0.0013599420199170709	0.00017399489297531545
29626	0.0013512762961909175	0.00017590908100828528
29627	0.0013389912201091647	0.00017134934023488313
29628	0.0013395153218880296	0.00016570762090850621
29629	0.0013452819548547268	0.00016470203991048038
29630	0.0013446022057905793	0.00017165772442240268
29631	0.001364789204671979	0.00017590515199117362
29632	0.0013524929527193308	0.00017484546697232872
29633	0.0013625092105939984	0.00016832812980283052
29634	0.0013604718260467052	0.0001690590288490057
29635	0.0013473726576194167	0.00017191670485772192
29636	0.0013544791145250201	0.00017589848721399903
29637	0.0013637472875416279	0.00017461816605646163
29638	0.0013530731666833162	0.00016572678578086197
29639	0.0013520537177100778	0.0001623376738280058
29640	0.001348702353425324	0.0001731416123220697
29641	0.0013378873700276017	0.00018297688802704215
29642	0.001349436934106052	0.0001785111235221848
29643	0.001339858747087419	0.00016734885866753757
29644	0.001360028050839901	0.00016776364645920694
29645	0.0013449921971186996	0.0001745095505611971
29646	0.001359034446068108	0.00017480674432590604
29647	0.0013474255101755261	0.000166925456142053
29648	0.0013365898048505187	0.0001629824109841138
29649	0.0013674391666427255	0.00016999500803649426
29650	0.0013367898063734174	0.00018024793826043606
29651	0.0013631097972393036	0.00018052291125059128
29652	0.0013429307145997882	0.00017051129543688148
29653	0.0013560475781559944	0.00016226788284257054
29654	0.0013382226461544633	0.0001650469348533079
29655	0.0013546943664550781	0.00017324868531432003
29656	0.0013763380702584982	0.00017613472300581634
29657	0.0013493912992998958	0.00017774135631043464
29658	0.0013476870954036713	0.00017452992324251682
29659	0.001348123187199235	0.00017569793271832168
29660	0.0013355399714782834	0.00017398837371729314
29661	0.0013601650716736913	0.0001624835276743397
29662	0.0013408544473350048	0.0001594411878613755
29663	0.0013710085768252611	0.000171641368069686
29664	0.0013868663227185607	0.00018644268857315183
29665	0.0013622046681120992	0.00018028708291240036
29666	0.00134915707167238	0.00016800628509372473
29667	0.0013355865376070142	0.00016570230945944786
29668	0.0013551380252465606	0.00017637069686315954
29669	0.0013395199785009027	0.0001760261511662975
29670	0.0013460087357088923	0.00016387934738304466
29671	0.0013389443047344685	0.00016088903066702187
29672	0.0013368772342801094	0.0001719587598927319
29673	0.0013500582426786423	0.00018848369654733688
29674	0.0013688167091459036	0.0001802740152925253
29675	0.0013422580668702722	0.00016292164218612015
29676	0.001361145987175405	0.00016035366570577025
29677	0.001374429208226502	0.00017254363046959043
29678	0.0013807420618832111	0.00017894554184749722
29679	0.0013551268493756652	0.00017431366723030806
29680	0.0013614748604595661	0.00017133854271378368
29681	0.0013561663217842579	0.0001770885573932901
29682	0.0013405956560745835	0.0001739108847687021
29683	0.0013418961316347122	0.0001641299168113619
29684	0.0013358228607103229	0.0001632168859941885
29685	0.0013449304969981313	0.00017170078353956342
29686	0.001335843000560999	0.0001812698901630938
29687	0.0013424940407276154	0.000177046749740839
29688	0.001356429187580943	0.00016975848120637238
29689	0.0013373226393014193	0.0001700448920018971
29690	0.0013549819122999907	0.00017511182522866875
29691	0.0013696125242859125	0.00017158774426206946
29692	0.0013460785849019885	0.00016529287677258253
29693	0.0013682470889762044	0.0001684032176854089
29694	0.0013641843106597662	0.00018014709348790348
29695	0.0013400831958279014	0.00017913368355948478
29696	0.0014000593218952417	0.00017026974819600582
29697	0.0013783933827653527	0.00016762707673478872
29698	0.0013594359625130892	0.0001713718957034871
29699	0.0014636801788583398	0.00016825186321511865
29700	0.0013381290482357144	0.0001663872244535014
29701	0.0014806723920628428	0.00017101858975365758
29702	0.0013939723139628768	0.00017290857795160264
29703	0.0014756477903574705	0.00017460512754041702
29704	0.0015616845339536667	0.00018030435603577644
29705	0.001379589200951159	0.00017692621622700244
29706	0.0016517272451892495	0.0001592553744558245
29707	0.0013505300739780068	0.00016612299077678472
29708	0.0016507102409377694	0.00017883993859868497
29709	0.0013798529980704188	0.000190690130693838
29710	0.001502097467891872	0.00018216646276414394
29711	0.0013750636717304587	0.00017729250248521566
29712	0.0015924838371574879	0.00016942629008553922
29713	0.0014935765648260713	0.0001703584857750684
29714	0.0014058738015592098	0.00016915042942855507
29715	0.0015518397558480501	0.0001755935518303886
29716	0.0013647525338456035	0.00018013569933827966
29717	0.0015267250128090382	0.00017793290317058563
29718	0.00145280035212636	0.00017971180204767734
29719	0.001469972776249051	0.0001842154742917046
29720	0.0015142036136239767	0.0001742513122735545
29721	0.0014017544453963637	0.00017266183567699045
29722	0.0014265027130022645	0.000174224071088247
29723	0.0013518530176952481	0.00019077659817412496
29724	0.0015730862505733967	0.00020292434783186764
29725	0.0014684211928397417	0.0001915892498800531
29726	0.0014174929820001125	0.00017024240514729172
29727	0.0015435937093570828	0.0001675816165516153
29728	0.0013875399017706513	0.00019077739852946252
29729	0.0014845585683360696	0.0002003082918236032
29730	0.001476317411288619	0.00018878222908824682
29731	0.0013419322203844786	0.00017127649334724993
29732	0.0014121773419901729	0.00016979470092337579
29733	0.0013445754302665591	0.0001775651180651039
29734	0.001395780243910849	0.00017590302741155028
29735	0.001367237651720643	0.00017035975179169327
29736	0.001388062722980976	0.00017075493815355003
29737	0.0013395710848271847	0.00017903100524563342
29738	0.0014113220386207104	0.00018343790725339204
29739	0.001351666054688394	0.00017374701565131545
29740	0.0013623826671391726	0.0001640159753151238
29741	0.0013768230564892292	0.0001626137236598879
29742	0.0013629792956635356	0.0001714158133836463
29743	0.001407537842169404	0.00018370733596384525
29744	0.0013437754241749644	0.00018014624947682023
29745	0.0013913835864514112	0.00016663639689795673
29746	0.0013530502328649163	0.00016337276611011475
29747	0.0013734055683016777	0.0001737103157211095
29748	0.0013504117960110307	0.00017764288350008428
29749	0.0013550411676988006	0.00016855097783263773
29750	0.0013527258997783065	0.0001605892030056566
29751	0.0013387772487476468	0.00016491110727656633
29752	0.001358096138574183	0.00017800620116759092
29753	0.001334461965598166	0.00017944876162800938
29754	0.0013588530709967017	0.00016629639139864594
29755	0.0013499808264896274	0.00015799197717569768
29756	0.00134640047326684	0.00016186544962693006
29757	0.0013543067034333944	0.0001706684270175174
29758	0.001343598822131753	0.00017391660367138684
29759	0.0013325175968930125	0.00017175148241221905
29760	0.0013500652275979519	0.0001693309604888782
29761	0.001337105524726212	0.00016601246898062527
29762	0.0013366631465032697	0.00016637648514006287
29763	0.001342622097581625	0.0001724589237710461
29764	0.0013260084670037031	0.0001746078924043104
29765	0.0013484363444149494	0.0001674258237471804
29766	0.001333880820311606	0.00016556482296437025
29767	0.00134596589487046	0.00016961821529548615
29768	0.0013334971154108644	0.00017579189443495125
29769	0.0013477588072419167	0.0001783880143193528
29770	0.0013269763439893723	0.00017007158021442592
29771	0.0013468270190060139	0.00016525389219168574
29772	0.0013295459793880582	0.00016964878886938095
29773	0.001355227897875011	0.0001745655172271654
29774	0.001355601823888719	0.0001722241286188364
29775	0.0013412610860541463	0.00017094708164222538
29776	0.0013441453920677304	0.00017416679474990815
29777	0.0013465241063386202	0.0001776136050466448
29778	0.0013364176265895367	0.00017616196419112384
29779	0.001336088520474732	0.00017016706988215446
29780	0.0013385803904384375	0.00017159199342131615
29781	0.0013356697745621204	0.00018016550166066736
29782	0.0013471447164192796	0.00018419302068650723
29783	0.001339396694675088	0.00017835429753176868
29784	0.001345091382972896	0.0001736361300572753
29785	0.0013524920213967562	0.00017878755170386285
29786	0.0013399644521996379	0.00018617461319081485
29787	0.0013397113652899861	0.00017969365580938756
29788	0.0013517646584659815	0.00016858638264238834
29789	0.0013450296828523278	0.0001696669205557555
29790	0.0013593498151749372	0.00018232160073239356
29791	0.0013619629899039865	0.00018805029685609043
29792	0.0013622299302369356	0.000177276466274634
29793	0.0013432037085294724	0.00016994151519611478
29794	0.0013472232967615128	0.0001742221793392673
29795	0.0013434895081445575	0.00018042522424366325
29796	0.0013454017462208867	0.00017976177332457155
29797	0.0013523013330996037	0.0001725514593999833
29798	0.001346345292404294	0.00017428222054149956
29799	0.0013383844634518027	0.00017983543511945754
29800	0.0013501988723874092	0.00018063976312987506
29801	0.0013443888165056705	0.00017068740271497518
29802	0.001339504960924387	0.00016628943558316678
29803	0.0013383189216256142	0.00017627696797717363
29804	0.0013380663003772497	0.00018459798593539745
29805	0.0013410744722932577	0.0001780488237272948
29806	0.0013307270128279924	0.00016650420730002224
29807	0.0013364709448069334	0.0001633134816074744
29808	0.001337081310339272	0.00017389065760653466
29809	0.0013384828343987465	0.00018694650498218834
29810	0.00136005028616637	0.0001781268510967493
29811	0.001340487040579319	0.00016441165644209832
29812	0.0013294881209731102	0.0001636574015719816
29813	0.0013350291410461068	0.00017753898282535374
29814	0.001337687368504703	0.0001919696369441226
29815	0.0013488801196217537	0.00018137293227482587
29816	0.001330003491602838	0.0001652331557124853
29817	0.0013327101478353143	0.0001634888758417219
29818	0.0013408095110207796	0.00017506934818811715
29819	0.0013520948123186827	0.0001817013107938692
29820	0.0013399473391473293	0.00017395630129612982
29821	0.0013367164647206664	0.00016640069952700287
29822	0.0013330659130588174	0.00017005039262585342
29823	0.001335124601610005	0.00017681805184111
29824	0.001335734617896378	0.0001798469020286575
29825	0.0013426474761217833	0.0001730454823700711
29826	0.0013357254210859537	0.0001650350313866511
29827	0.0013353325193747878	0.0001672866492299363
29828	0.001333957421593368	0.0001745576737448573
29829	0.0013362226309254766	0.0001751816744217649
29830	0.0013311108341440558	0.00016780145233497024
29831	0.0013522651279345155	0.00016827767831273377
29832	0.001340343034826219	0.00017883768305182457
29833	0.0013435294385999441	0.00017880638188216835
29834	0.0013383615296334028	0.00016959148342721164
29835	0.0013479749904945493	0.0001671909703873098
29836	0.0013340216828510165	0.00017573016521055251
29837	0.0013356232084333897	0.00018211404676549137
29838	0.0013384735211730003	0.00017722405027598143
29839	0.0013379539595916867	0.0001712364610284567
29840	0.0013476022286340594	0.00017101179400924593
29841	0.001345053082332015	0.00017785426462069154
29842	0.0013436019653454423	0.00017771478451322764
29843	0.0013405412901192904	0.00017476289940532297
29844	0.001352379098534584	0.00017244026821572334
29845	0.001333059393800795	0.00017565093003213406
29846	0.0013372520916163921	0.00017806787218432873
29847	0.001333956141024828	0.00017698224110063165
29848	0.001336213550530374	0.00017793619190342724
29849	0.0013450202532112598	0.00017863996617961675
29850	0.0013418635353446007	0.00017555603699292988
29851	0.001347271609120071	0.0001722906163195148
29852	0.001338234986178577	0.00017427568673156202
29853	0.0013365616323426366	0.00017635326366871595
29854	0.0013298114063218236	0.00017325542285107076
29855	0.0013333481037989259	0.00017003669927362353
29856	0.0013423445634543896	0.00017211734666489065
29857	0.001335802604444325	0.00017642564489506185
29858	0.0013336450792849064	0.0001783149637049064
29859	0.001329602673649788	0.0001728339120745659
29860	0.0013285016175359488	0.00016726316243875772
29861	0.0013387680519372225	0.0001689322671154514
29862	0.0013337787240743637	0.00017538190877530724
29863	0.0013300632126629353	0.00017829200078267604
29864	0.0013402279000729322	0.00017555239901412278
29865	0.0013414823915809393	0.0001716606639092788
29866	0.0013441946357488632	0.00017283845227211714
29867	0.0013396514113992453	0.00017633587413001806
29868	0.0013309537898749113	0.00017561223648954183
29869	0.0013481432106345892	0.00016685498121660203
29870	0.001357605098746717	0.00016809705994091928
29871	0.0013571117306128144	0.00017183669842779636
29872	0.0013430073158815503	0.00017637675045989454
29873	0.0013573579490184784	0.0001744431210681796
29874	0.0013457535533234477	0.00017081908299587667
29875	0.0013540924992412329	0.00017036753706634045
29876	0.0013487190008163452	0.0001728820352582261
29877	0.0013378825969994068	0.0001719452702673152
29878	0.001348241581581533	0.00016997961211018264
29879	0.0013391263782978058	0.00017000238585751504
29880	0.0013683190336450934	0.0001714172394713387
29881	0.0013457584427669644	0.00017532861966174096
29882	0.001348765566945076	0.00017667996871750802
29883	0.0013794917613267899	0.00017298264720011503
29884	0.0013740803115069866	0.00017518267850391567
29885	0.0013773518148809671	0.0001757828867994249
29886	0.001338184461928904	0.0001697084808256477
29887	0.0013770705554634333	0.00016617037181276828
29888	0.0013461228227242827	0.00017194189422298223
29889	0.0013482562499120831	0.0001845982187660411
29890	0.0013497991021722555	0.00018225998792331666
29891	0.0013616199139505625	0.0001674955419730395
29892	0.0013625847641378641	0.00016365353076253086
29893	0.001355448504909873	0.00017249464872293174
29894	0.001350583741441369	0.00017802283400669694
29895	0.0013365070335566998	0.0001750351075315848
29896	0.0013655886286869645	0.00017032958567142487
29897	0.0013611551839858294	0.00017662499158177525
29898	0.001342952367849648	0.00018316715431865305
29899	0.0013329795328900218	0.00017507442680653185
29900	0.0013314394745975733	0.00016655806393828243
29901	0.0013430427061393857	0.00016978735220618546
29902	0.0013539623469114304	0.00017680521705187857
29903	0.0013459582114592195	0.00017778236360754818
29904	0.0013642571866512299	0.00017266161739826202
29905	0.0013456365559250116	0.00017267420480493456
29906	0.0013440243201330304	0.00017379692872054875
29907	0.0013548560673370957	0.00017505897267255932
29908	0.001333999214693904	0.00017280552128795534
29909	0.0013651438057422638	0.0001687517942627892
29910	0.0013367107603698969	0.00016694721125531942
29911	0.0013407868100330234	0.00016817558207549155
29912	0.0013642448466271162	0.00017080521502066404
29913	0.0013358250726014376	0.00017759177717380226
29914	0.0013696023961529136	0.00017863338871393353
29915	0.0013608472654595971	0.00017113477224484086
29916	0.0013707007747143507	0.00016460369806736708
29917	0.0013486400712281466	0.00016606811550445855
29918	0.0013415733119472861	0.00017768173711374402
29919	0.0013631652109324932	0.0001821191981434822
29920	0.001355483545921743	0.0001676128013059497
29921	0.0013440747279673815	0.00016159120423253626
29922	0.0013429704122245312	0.0001683979935478419
29923	0.0013436345616355538	0.00017964967992156744
29924	0.0013490933924913406	0.00017930526519194245
29925	0.0013537025079131126	0.00017032110190484673
29926	0.0013552623568102717	0.00016749711357988417
29927	0.0013485524104908109	0.00017053443298209459
29928	0.0013688212493434548	0.00017315457807853818
29929	0.0013489961856976151	0.00017289370589423925
29930	0.0013583055697381496	0.00016915205924306065
29931	0.0013466781238093972	0.00017046411812771112
29932	0.0013581259408965707	0.00017579804989509284
29933	0.0013229752657935023	0.00017742320778779685
29934	0.0013447189703583717	0.00017023888358380646
29935	0.0013464470393955708	0.00016759544087108225
29936	0.001345551572740078	0.0001664476585574448
29937	0.0013534618774428964	0.0001683624868746847
29938	0.001335027627646923	0.00017398610361851752
29939	0.0013563443208113313	0.00017933420895133168
29940	0.0013389944797381759	0.00017456042405683547
29941	0.0013366444036364555	0.00016646388394292444
29942	0.0013586345594376326	0.00016649995814077556
29943	0.0013617922086268663	0.00017281681357417256
29944	0.0013427501544356346	0.00017705021309666336
29945	0.001359610934741795	0.00016678459360264242
29946	0.0013325351756066084	0.00016158659127540886
29947	0.0013576799537986517	0.00016898121975827962
29948	0.0013366289203986526	0.00018107943469658494
29949	0.0013493383303284645	0.00017893935728352517
29950	0.0013317324919626117	0.00016805175982881337
29951	0.0013727787882089615	0.0001634892832953483
29952	0.0013612477341666818	0.00016742049774620682
29953	0.0013530092546716332	0.00017119626863859594
29954	0.00140872981864959	0.0001733302342472598
29955	0.0013697425602003932	0.00016974016034509987
29956	0.001361857750453055	0.00016860644973348826
29957	0.0013784271432086825	0.00017287503578700125
29958	0.0013453683350235224	0.00017743311764206737
29959	0.001355313346721232	0.00017192178347613662
29960	0.0013609695015475154	0.00016789340588729829
29961	0.0013373582623898983	0.00016621981922071427
29962	0.0013472040882334113	0.00017028390720952302
29963	0.0013468561228364706	0.00017752262647263706
29964	0.0013482540380209684	0.00017726939404383302
29965	0.0013567510759457946	0.00017221065354533494
29966	0.0013294179225340486	0.00016912595310714096
29967	0.0013554218458011746	0.00016844054334796965
29968	0.0013582827523350716	0.00017074331117328256
29969	0.0013323758030310273	0.00017449095321353525
29970	0.0013566069537773728	0.00017493798804935068
29971	0.0013375142589211464	0.0001739318686304614
29972	0.0013400157913565636	0.00017210999794770032
29973	0.0013416410656645894	0.00017136319365818053
29974	0.0013387642102316022	0.00016908772522583604
29975	0.0013366802595555782	0.00016958593914750963
29976	0.0013305002357810736	0.00017103097343351692
29977	0.0013417506124824286	0.00017403737001586705
29978	0.001357991131953895	0.0001756922429194674
29979	0.0013508223928511143	0.00017450371524319053
29980	0.0013382947072386742	0.0001689408818492666
29981	0.0013742897426709533	0.000165166609804146
29982	0.0013430911349132657	0.00016965303802862763
29983	0.0013502382207661867	0.00017676492279861122
29984	0.0013352552196010947	0.00017966271843761206
29985	0.0013491749996319413	0.00017660796584095806
29986	0.001346797333098948	0.00017430893785785884
29987	0.0013318551937118173	0.0001735919067868963
29988	0.0013672919012606144	0.00016716987011022866
29989	0.0013745606411248446	0.00017211372323799878
29990	0.0013324759202077985	0.000180417497176677
29991	0.0013688313774764538	0.00017568191105965525
29992	0.0013636850053444505	0.0001695899263722822
29993	0.0013638498494401574	0.0001714721292955801
29994	0.0013447408564388752	0.00018237832409795374
29995	0.001375212799757719	0.0001796726864995435
29996	0.0013521491782739758	0.00016822006728034467
29997	0.0014245091006159782	0.00016415916616097093
29998	0.0014899822417646646	0.00017576385289430618
29999	0.0013563710963353515	0.00019183650147169828
30000	0.0014200791483744979	0.00018277140043210238
