52943
71349
79774
65798
35042
15771
27232
54296
89909
24341
72550
42474
39882
22598
61855
40858
57997
41242
87488
60388
89238
66397
80437
52163
81051
96251
86370
25729
81498
14806
46216
92598
97567
78889
38206
10706
96881
30323
57051
81066
36417
25833
99422
68152
98362
45840
73508
14139
43546
25832
44076
25204
62224
69700
15825
91698
57950
12379
21235
86862
52207
34078
53354
36376
81420
97073
78606
23510
14916
27178
97420
64603
97078
68153
28416
85322
86126
91413
98929
32505
12593
73468
31224
53801
77888
28272
86781
60650
77091
70850
31525
74806
75326
85454
41366
84171
63779
23943
52382
75993
